
RUN 1

MSE

[0.01898580993711236, 0.018732616217687827, 0.018482474034126502, 0.01823538338619826, 0.01799134427454937, 0.017750356698764166, 0.017512420658788448, 0.017277536154687724, 0.017045703186730602, 0.016816921754606595, 0.01659119185835343, 0.0163685134978962, 0.016148886673344545, 0.01593231138457685, 0.015718787631944633, 0.01550831541522882, 0.01530089473428711, 0.015096525589257294, 0.014895207980361366, 0.01469694190726083, 0.014501727369749097, 0.014309564368345086, 0.014120452903157922, 0.013934392973470046, 0.013751384579893935, 0.013571427722202784, 0.01339452240034957, 0.01322066861427632, 0.01304986636440368, 0.012882115650185242, 0.012717416472019842, 0.012555768829699485, 0.012397172723412814, 0.012241628152802567, 0.012089135118347494, 0.011939693619735027, 0.011793303656910763, 0.011649965229931097, 0.011509678339079212, 0.011372442983944436, 0.011238259164727487, 0.01110712688156726, 0.01097904613427012, 0.010854016922751704, 0.010732039247366229, 0.01061311310767363, 0.01049723850403665, 0.010384415436094387, 0.010274643904266533, 0.010167923908261534, 0.01006425544808342, 0.00996363852399123, 0.009866073135698093, 0.009771559283263339, 0.009680096966778825, 0.009591686186269011, 0.009506326941555109, 0.00942401923282098, 0.009344763060019608, 0.009268558422964191, 0.0091954053219433, 0.009125303756798205, 0.009058253727606871, 0.008994255234322521, 0.008933308276862083, 0.008875412855371094, 0.00882056896974622, 0.008768776620095198, 0.00872003580628089, 0.0086743465283428, 0.008631708786369603, 0.008592122580283107, 0.00855558791017069, 0.008522104775920194, 0.008491673177498228, 0.008464293115051527, 0.008439964588491304, 0.008418687597900092, 0.0084004621431539, 0.00838528822426676, 0.008373165841345773, 0.008364094994271341, 0.008358075683254121, 0.008355107908048802, 0.008355191668642526, 0.008358326965293449, 0.008364513797746534, 0.008373752166256479, 0.008386042070564714, 0.008401383510685069, 0.008419776486863503, 0.008441220998843124, 0.008465717046874327, 0.008493264630726966, 0.00852386375038267, 0.008557514406090294, 0.008594216597597367, 0.008633970325151284, 0.008676775588500045, 0.008722632387688495, 0.008771540722922076]

ABS
[0.10988879874339226, 0.10905220085656783, 0.10821851219790689, 0.10738795039141955, 0.10656041834645613, 0.10573593159379237, 0.10491456815582947, 0.10409649541002246, 0.10328169687831572, 0.10247007299825951, 0.10166186133387474, 0.10085722499887087, 0.10005632071982482, 0.09925902352785912, 0.09846532441644933, 0.09767543690308175, 0.09688936966097764, 0.09610722995019572, 0.09532925409286343, 0.09455539624968616, 0.0937859822703553, 0.09302111716915745, 0.09226085867616733, 0.09150547391277833, 0.09075486891638994, 0.09000915896672287, 0.08926855921242069, 0.08853301845212326, 0.0878024910381752, 0.08707711551771645, 0.08635713982782257, 0.08564250131729573, 0.08493363051343024, 0.08423043748146497, 0.08353321501944685, 0.08284172289980708, 0.0821564496453776, 0.08147737514899983, 0.08080447712912717, 0.08013770749019511, 0.0794774536648138, 0.07882359461364284, 0.07817596498134413, 0.07753461841597381, 0.07689960133669682, 0.07627116218501075, 0.0756495686158393, 0.0750347226146975, 0.07442692157900237, 0.07382587809872224, 0.07323175776330793, 0.07264464592535054, 0.07206470369059935, 0.07149184374197816, 0.07092645529484079, 0.07036834730947769, 0.06981739388069794, 0.0692734776596493, 0.06873692644425913, 0.06820782234949523, 0.06768592784260297, 0.06717133405660239, 0.06666442563337675, 0.06616534065944613, 0.06567387598585647, 0.06518999526720683, 0.06471408317643947, 0.06424589426035507, 0.06378531628791996, 0.0633324537768539, 0.06288751936193643, 0.06245036042049936, 0.0620208295362273, 0.06159892389521556, 0.06118473294086796, 0.0607780496479949, 0.06037900263088366, 0.05998742990571085, 0.059603348858789304, 0.05922644386083373, 0.05885695028644455, 0.058494903547037326, 0.05814017265503927, 0.05779298812686694, 0.057453259351455316, 0.05712112791079338, 0.056796549058515944, 0.05647950435661084, 0.05617013412648147, 0.055868322348095203, 0.05557381920396094, 0.055286946913899244, 0.05500764421353193, 0.054735866453166186, 0.05447147997564526, 0.05421471540814934, 0.05396531795425597, 0.05372320638712807, 0.053488358940215565, 0.053260819515441364, 0.053040647407731914]


